{
 "cells": [
  {
   "cell_type": "code",
   "execution_count": 1,
   "id": "2c6633ed",
   "metadata": {},
   "outputs": [],
   "source": [
    "import pandas as pd\n",
    "import seaborn as sns\n",
    "import matplotlib.pyplot as plt\n",
    "import numpy as np"
   ]
  },
  {
   "cell_type": "code",
   "execution_count": 2,
   "id": "2b76c4f9",
   "metadata": {},
   "outputs": [],
   "source": [
    "df = pd.read_csv('datasets/cleaned_train_data.csv')"
   ]
  },
  {
   "cell_type": "code",
   "execution_count": 3,
   "id": "741aa981",
   "metadata": {},
   "outputs": [
    {
     "data": {
      "text/html": [
       "<div>\n",
       "<style scoped>\n",
       "    .dataframe tbody tr th:only-of-type {\n",
       "        vertical-align: middle;\n",
       "    }\n",
       "\n",
       "    .dataframe tbody tr th {\n",
       "        vertical-align: top;\n",
       "    }\n",
       "\n",
       "    .dataframe thead th {\n",
       "        text-align: right;\n",
       "    }\n",
       "</style>\n",
       "<table border=\"1\" class=\"dataframe\">\n",
       "  <thead>\n",
       "    <tr style=\"text-align: right;\">\n",
       "      <th></th>\n",
       "      <th>pid</th>\n",
       "      <th>ms_subclass</th>\n",
       "      <th>ms_zoning</th>\n",
       "      <th>lot_frontage</th>\n",
       "      <th>lot_area</th>\n",
       "      <th>street</th>\n",
       "      <th>lot_shape</th>\n",
       "      <th>land_contour</th>\n",
       "      <th>utilities</th>\n",
       "      <th>lot_config</th>\n",
       "      <th>...</th>\n",
       "      <th>open_porch_sf</th>\n",
       "      <th>enclosed_porch</th>\n",
       "      <th>ssn3_porch</th>\n",
       "      <th>screen_porch</th>\n",
       "      <th>pool_area</th>\n",
       "      <th>misc_val</th>\n",
       "      <th>mo_sold</th>\n",
       "      <th>yr_sold</th>\n",
       "      <th>sale_type</th>\n",
       "      <th>saleprice</th>\n",
       "    </tr>\n",
       "  </thead>\n",
       "  <tbody>\n",
       "    <tr>\n",
       "      <th>0</th>\n",
       "      <td>533352170</td>\n",
       "      <td>60</td>\n",
       "      <td>RL</td>\n",
       "      <td>43.0</td>\n",
       "      <td>13517</td>\n",
       "      <td>Pave</td>\n",
       "      <td>IR1</td>\n",
       "      <td>Lvl</td>\n",
       "      <td>AllPub</td>\n",
       "      <td>CulDSac</td>\n",
       "      <td>...</td>\n",
       "      <td>44</td>\n",
       "      <td>0</td>\n",
       "      <td>0</td>\n",
       "      <td>0</td>\n",
       "      <td>0</td>\n",
       "      <td>0</td>\n",
       "      <td>3</td>\n",
       "      <td>2010</td>\n",
       "      <td>WD</td>\n",
       "      <td>130500</td>\n",
       "    </tr>\n",
       "    <tr>\n",
       "      <th>1</th>\n",
       "      <td>531379050</td>\n",
       "      <td>60</td>\n",
       "      <td>RL</td>\n",
       "      <td>43.0</td>\n",
       "      <td>11492</td>\n",
       "      <td>Pave</td>\n",
       "      <td>IR1</td>\n",
       "      <td>Lvl</td>\n",
       "      <td>AllPub</td>\n",
       "      <td>CulDSac</td>\n",
       "      <td>...</td>\n",
       "      <td>74</td>\n",
       "      <td>0</td>\n",
       "      <td>0</td>\n",
       "      <td>0</td>\n",
       "      <td>0</td>\n",
       "      <td>0</td>\n",
       "      <td>4</td>\n",
       "      <td>2009</td>\n",
       "      <td>WD</td>\n",
       "      <td>220000</td>\n",
       "    </tr>\n",
       "    <tr>\n",
       "      <th>2</th>\n",
       "      <td>535304180</td>\n",
       "      <td>20</td>\n",
       "      <td>RL</td>\n",
       "      <td>68.0</td>\n",
       "      <td>7922</td>\n",
       "      <td>Pave</td>\n",
       "      <td>Reg</td>\n",
       "      <td>Lvl</td>\n",
       "      <td>AllPub</td>\n",
       "      <td>Inside</td>\n",
       "      <td>...</td>\n",
       "      <td>52</td>\n",
       "      <td>0</td>\n",
       "      <td>0</td>\n",
       "      <td>0</td>\n",
       "      <td>0</td>\n",
       "      <td>0</td>\n",
       "      <td>1</td>\n",
       "      <td>2010</td>\n",
       "      <td>WD</td>\n",
       "      <td>109000</td>\n",
       "    </tr>\n",
       "    <tr>\n",
       "      <th>3</th>\n",
       "      <td>916386060</td>\n",
       "      <td>60</td>\n",
       "      <td>RL</td>\n",
       "      <td>73.0</td>\n",
       "      <td>9802</td>\n",
       "      <td>Pave</td>\n",
       "      <td>Reg</td>\n",
       "      <td>Lvl</td>\n",
       "      <td>AllPub</td>\n",
       "      <td>Inside</td>\n",
       "      <td>...</td>\n",
       "      <td>0</td>\n",
       "      <td>0</td>\n",
       "      <td>0</td>\n",
       "      <td>0</td>\n",
       "      <td>0</td>\n",
       "      <td>0</td>\n",
       "      <td>4</td>\n",
       "      <td>2010</td>\n",
       "      <td>WD</td>\n",
       "      <td>174000</td>\n",
       "    </tr>\n",
       "    <tr>\n",
       "      <th>4</th>\n",
       "      <td>906425045</td>\n",
       "      <td>50</td>\n",
       "      <td>RL</td>\n",
       "      <td>82.0</td>\n",
       "      <td>14235</td>\n",
       "      <td>Pave</td>\n",
       "      <td>IR1</td>\n",
       "      <td>Lvl</td>\n",
       "      <td>AllPub</td>\n",
       "      <td>Inside</td>\n",
       "      <td>...</td>\n",
       "      <td>59</td>\n",
       "      <td>0</td>\n",
       "      <td>0</td>\n",
       "      <td>0</td>\n",
       "      <td>0</td>\n",
       "      <td>0</td>\n",
       "      <td>3</td>\n",
       "      <td>2010</td>\n",
       "      <td>WD</td>\n",
       "      <td>138500</td>\n",
       "    </tr>\n",
       "  </tbody>\n",
       "</table>\n",
       "<p>5 rows × 76 columns</p>\n",
       "</div>"
      ],
      "text/plain": [
       "         pid  ms_subclass ms_zoning  lot_frontage  lot_area street lot_shape  \\\n",
       "0  533352170           60        RL          43.0     13517   Pave       IR1   \n",
       "1  531379050           60        RL          43.0     11492   Pave       IR1   \n",
       "2  535304180           20        RL          68.0      7922   Pave       Reg   \n",
       "3  916386060           60        RL          73.0      9802   Pave       Reg   \n",
       "4  906425045           50        RL          82.0     14235   Pave       IR1   \n",
       "\n",
       "  land_contour utilities lot_config  ... open_porch_sf enclosed_porch  \\\n",
       "0          Lvl    AllPub    CulDSac  ...            44              0   \n",
       "1          Lvl    AllPub    CulDSac  ...            74              0   \n",
       "2          Lvl    AllPub     Inside  ...            52              0   \n",
       "3          Lvl    AllPub     Inside  ...             0              0   \n",
       "4          Lvl    AllPub     Inside  ...            59              0   \n",
       "\n",
       "  ssn3_porch screen_porch pool_area misc_val  mo_sold  yr_sold  sale_type  \\\n",
       "0          0            0         0        0        3     2010        WD    \n",
       "1          0            0         0        0        4     2009        WD    \n",
       "2          0            0         0        0        1     2010        WD    \n",
       "3          0            0         0        0        4     2010        WD    \n",
       "4          0            0         0        0        3     2010        WD    \n",
       "\n",
       "   saleprice  \n",
       "0     130500  \n",
       "1     220000  \n",
       "2     109000  \n",
       "3     174000  \n",
       "4     138500  \n",
       "\n",
       "[5 rows x 76 columns]"
      ]
     },
     "execution_count": 3,
     "metadata": {},
     "output_type": "execute_result"
    }
   ],
   "source": [
    "df.head()"
   ]
  },
  {
   "cell_type": "code",
   "execution_count": 82,
   "id": "f4162ed7",
   "metadata": {},
   "outputs": [
    {
     "data": {
      "text/plain": [
       "38"
      ]
     },
     "execution_count": 82,
     "metadata": {},
     "output_type": "execute_result"
    }
   ],
   "source": [
    "df.isnull().sum().sum()"
   ]
  },
  {
   "cell_type": "code",
   "execution_count": 4,
   "id": "3a528acb",
   "metadata": {},
   "outputs": [
    {
     "data": {
      "text/plain": [
       "Index(['pid', 'ms_subclass', 'ms_zoning', 'lot_frontage', 'lot_area', 'street',\n",
       "       'lot_shape', 'land_contour', 'utilities', 'lot_config', 'land_slope',\n",
       "       'neighborhood', 'condition_1', 'condition_2', 'bldg_type',\n",
       "       'house_style', 'overall_qual', 'overall_cond', 'year_built',\n",
       "       'year_remod/add', 'roof_style', 'roof_matl', 'exterior_1st',\n",
       "       'exterior_2nd', 'mas_vnr_type', 'mas_vnr_area', 'exter_qual',\n",
       "       'exter_cond', 'foundation', 'bsmt_qual', 'bsmt_cond', 'bsmt_exposure',\n",
       "       'bsmtfin_type_1', 'bsmtfin_sf_1', 'bsmtfin_type_2', 'bsmtfin_sf_2',\n",
       "       'bsmt_unf_sf', 'total_bsmt_sf', 'heating', 'heating_qc', 'central_air',\n",
       "       'electrical', '1st_flr_sf', 'flr2nd_sf', 'low_qual_fin_sf',\n",
       "       'gr_liv_area', 'bsmt_full_bath', 'bsmt_half_bath', 'full_bath',\n",
       "       'half_bath', 'bedroom_abvgr', 'kitchen_abvgr', 'kitchen_qual',\n",
       "       'totrms_abvgrd', 'functional', 'fireplaces', 'fireplace_qu',\n",
       "       'garage_type', 'garage_yr_blt', 'garage_finish', 'garage_cars',\n",
       "       'garage_area', 'garage_qual', 'garage_cond', 'paved_drive',\n",
       "       'wood_deck_sf', 'open_porch_sf', 'enclosed_porch', 'ssn3_porch',\n",
       "       'screen_porch', 'pool_area', 'misc_val', 'mo_sold', 'yr_sold',\n",
       "       'sale_type', 'saleprice'],\n",
       "      dtype='object')"
      ]
     },
     "execution_count": 4,
     "metadata": {},
     "output_type": "execute_result"
    }
   ],
   "source": [
    "df.columns"
   ]
  },
  {
   "cell_type": "code",
   "execution_count": 5,
   "id": "bdcf3c62",
   "metadata": {},
   "outputs": [],
   "source": [
    "nominal=['pid','ms_subclass','ms_zoning','street','alley','land_contour','lot_config',\n",
    "         'neighborhood','condition_1','condition_2', 'bldg_type',\n",
    "       'house_style','roof_style', 'roof_matl', 'exterior_1st',\n",
    "       'exterior_2nd', 'mas_vnr_type','foundation','heating','central_air',\n",
    "        'garage_type','misc_feature']\n",
    "\n",
    "ordinal=['lot_shape','utilities','land_slope','overall_qual','overall_cond','exter_qual','exter_cond',\n",
    "        'bsmt_qual','bsmt_cond','bsmt_exposure','bsmtfin_type_1','bsmtfin_type_2',\n",
    "         'heating_qc','electrical','kitchen_qual','functional','fireplace_qu',\n",
    "         'garage_finish','garage_qual','garage_cond','paved_drive','pool_qc',\n",
    "         'fence']\n",
    "discrete =['year_built','year_remod/add','bsmt_full_bath', 'bsmt_half_bath', 'full_bath',\n",
    "       'half_bath', 'bedroom_abvgr', 'kitchen_abvgr','totrms_abvgrd',\n",
    "          'fireplaces','garage_yr_blt','garage_cars','mo_sold', 'yr_sold']\n",
    "continuous= ['lot_frontage','lot_area','mas_vnr_area','bsmtfin_sf_1',\n",
    "    'bsmtfin_sf_2','bsmt_unf_sf', 'total_bsmt_sf','1st_flr_sf', 'flr2nd_sf', 'low_qual_fin_sf',\n",
    "    'gr_liv_area','garage_area','wood_deck_sf', 'open_porch_sf', 'enclosed_porch', 'ssn3_porch',\n",
    "       'screen_porch', 'pool_area','misc_val']\n"
   ]
  },
  {
   "cell_type": "code",
   "execution_count": 6,
   "id": "87cf4bb5",
   "metadata": {},
   "outputs": [
    {
     "data": {
      "text/html": [
       "<div>\n",
       "<style scoped>\n",
       "    .dataframe tbody tr th:only-of-type {\n",
       "        vertical-align: middle;\n",
       "    }\n",
       "\n",
       "    .dataframe tbody tr th {\n",
       "        vertical-align: top;\n",
       "    }\n",
       "\n",
       "    .dataframe thead th {\n",
       "        text-align: right;\n",
       "    }\n",
       "</style>\n",
       "<table border=\"1\" class=\"dataframe\">\n",
       "  <thead>\n",
       "    <tr style=\"text-align: right;\">\n",
       "      <th></th>\n",
       "      <th>lot_frontage</th>\n",
       "      <th>lot_area</th>\n",
       "      <th>mas_vnr_area</th>\n",
       "      <th>bsmtfin_sf_1</th>\n",
       "      <th>bsmtfin_sf_2</th>\n",
       "      <th>bsmt_unf_sf</th>\n",
       "      <th>total_bsmt_sf</th>\n",
       "      <th>1st_flr_sf</th>\n",
       "      <th>flr2nd_sf</th>\n",
       "      <th>low_qual_fin_sf</th>\n",
       "      <th>gr_liv_area</th>\n",
       "      <th>garage_area</th>\n",
       "      <th>wood_deck_sf</th>\n",
       "      <th>open_porch_sf</th>\n",
       "      <th>enclosed_porch</th>\n",
       "      <th>ssn3_porch</th>\n",
       "      <th>screen_porch</th>\n",
       "      <th>pool_area</th>\n",
       "      <th>misc_val</th>\n",
       "      <th>saleprice</th>\n",
       "    </tr>\n",
       "  </thead>\n",
       "  <tbody>\n",
       "    <tr>\n",
       "      <th>lot_frontage</th>\n",
       "      <td>1.000000</td>\n",
       "      <td>0.356891</td>\n",
       "      <td>0.161024</td>\n",
       "      <td>0.174915</td>\n",
       "      <td>0.029508</td>\n",
       "      <td>0.094525</td>\n",
       "      <td>0.283977</td>\n",
       "      <td>0.376362</td>\n",
       "      <td>0.019005</td>\n",
       "      <td>0.001610</td>\n",
       "      <td>0.314403</td>\n",
       "      <td>0.296365</td>\n",
       "      <td>0.101789</td>\n",
       "      <td>0.159632</td>\n",
       "      <td>-0.009254</td>\n",
       "      <td>0.021173</td>\n",
       "      <td>0.072579</td>\n",
       "      <td>0.135255</td>\n",
       "      <td>0.042589</td>\n",
       "      <td>0.290542</td>\n",
       "    </tr>\n",
       "    <tr>\n",
       "      <th>lot_area</th>\n",
       "      <td>0.356891</td>\n",
       "      <td>1.000000</td>\n",
       "      <td>0.167978</td>\n",
       "      <td>0.215696</td>\n",
       "      <td>0.041763</td>\n",
       "      <td>0.041232</td>\n",
       "      <td>0.277580</td>\n",
       "      <td>0.381823</td>\n",
       "      <td>0.029304</td>\n",
       "      <td>0.001259</td>\n",
       "      <td>0.327451</td>\n",
       "      <td>0.263168</td>\n",
       "      <td>0.155667</td>\n",
       "      <td>0.140792</td>\n",
       "      <td>0.014091</td>\n",
       "      <td>0.019540</td>\n",
       "      <td>0.067679</td>\n",
       "      <td>0.115096</td>\n",
       "      <td>0.093912</td>\n",
       "      <td>0.296794</td>\n",
       "    </tr>\n",
       "    <tr>\n",
       "      <th>mas_vnr_area</th>\n",
       "      <td>0.161024</td>\n",
       "      <td>0.167978</td>\n",
       "      <td>1.000000</td>\n",
       "      <td>0.316998</td>\n",
       "      <td>-0.015678</td>\n",
       "      <td>0.080769</td>\n",
       "      <td>0.399624</td>\n",
       "      <td>0.381944</td>\n",
       "      <td>0.099695</td>\n",
       "      <td>-0.061535</td>\n",
       "      <td>0.381003</td>\n",
       "      <td>0.378895</td>\n",
       "      <td>0.162868</td>\n",
       "      <td>0.155046</td>\n",
       "      <td>-0.107830</td>\n",
       "      <td>0.011109</td>\n",
       "      <td>0.086156</td>\n",
       "      <td>0.012360</td>\n",
       "      <td>0.078801</td>\n",
       "      <td>0.502199</td>\n",
       "    </tr>\n",
       "    <tr>\n",
       "      <th>bsmtfin_sf_1</th>\n",
       "      <td>0.174915</td>\n",
       "      <td>0.215696</td>\n",
       "      <td>0.316998</td>\n",
       "      <td>1.000000</td>\n",
       "      <td>-0.050060</td>\n",
       "      <td>-0.473720</td>\n",
       "      <td>0.539189</td>\n",
       "      <td>0.462334</td>\n",
       "      <td>-0.167504</td>\n",
       "      <td>-0.078280</td>\n",
       "      <td>0.215721</td>\n",
       "      <td>0.331242</td>\n",
       "      <td>0.214505</td>\n",
       "      <td>0.140697</td>\n",
       "      <td>-0.076714</td>\n",
       "      <td>0.047773</td>\n",
       "      <td>0.093385</td>\n",
       "      <td>0.075949</td>\n",
       "      <td>0.130071</td>\n",
       "      <td>0.423825</td>\n",
       "    </tr>\n",
       "    <tr>\n",
       "      <th>bsmtfin_sf_2</th>\n",
       "      <td>0.029508</td>\n",
       "      <td>0.041763</td>\n",
       "      <td>-0.015678</td>\n",
       "      <td>-0.050060</td>\n",
       "      <td>1.000000</td>\n",
       "      <td>-0.231279</td>\n",
       "      <td>0.086830</td>\n",
       "      <td>0.095927</td>\n",
       "      <td>-0.087505</td>\n",
       "      <td>-0.002764</td>\n",
       "      <td>0.001272</td>\n",
       "      <td>0.013629</td>\n",
       "      <td>0.105971</td>\n",
       "      <td>-0.004382</td>\n",
       "      <td>0.004540</td>\n",
       "      <td>-0.024225</td>\n",
       "      <td>0.096405</td>\n",
       "      <td>0.061026</td>\n",
       "      <td>-0.005515</td>\n",
       "      <td>0.016590</td>\n",
       "    </tr>\n",
       "    <tr>\n",
       "      <th>bsmt_unf_sf</th>\n",
       "      <td>0.094525</td>\n",
       "      <td>0.041232</td>\n",
       "      <td>0.080769</td>\n",
       "      <td>-0.473720</td>\n",
       "      <td>-0.231279</td>\n",
       "      <td>1.000000</td>\n",
       "      <td>0.418789</td>\n",
       "      <td>0.301880</td>\n",
       "      <td>-0.012683</td>\n",
       "      <td>0.059620</td>\n",
       "      <td>0.234384</td>\n",
       "      <td>0.145354</td>\n",
       "      <td>-0.034652</td>\n",
       "      <td>0.116267</td>\n",
       "      <td>-0.010728</td>\n",
       "      <td>0.020445</td>\n",
       "      <td>-0.055476</td>\n",
       "      <td>-0.039196</td>\n",
       "      <td>-0.005860</td>\n",
       "      <td>0.189603</td>\n",
       "    </tr>\n",
       "    <tr>\n",
       "      <th>total_bsmt_sf</th>\n",
       "      <td>0.283977</td>\n",
       "      <td>0.277580</td>\n",
       "      <td>0.399624</td>\n",
       "      <td>0.539189</td>\n",
       "      <td>0.086830</td>\n",
       "      <td>0.418789</td>\n",
       "      <td>1.000000</td>\n",
       "      <td>0.808703</td>\n",
       "      <td>-0.216640</td>\n",
       "      <td>-0.022349</td>\n",
       "      <td>0.453961</td>\n",
       "      <td>0.488946</td>\n",
       "      <td>0.224808</td>\n",
       "      <td>0.257931</td>\n",
       "      <td>-0.087706</td>\n",
       "      <td>0.060387</td>\n",
       "      <td>0.076342</td>\n",
       "      <td>0.061570</td>\n",
       "      <td>0.125699</td>\n",
       "      <td>0.628884</td>\n",
       "    </tr>\n",
       "    <tr>\n",
       "      <th>1st_flr_sf</th>\n",
       "      <td>0.376362</td>\n",
       "      <td>0.381823</td>\n",
       "      <td>0.381944</td>\n",
       "      <td>0.462334</td>\n",
       "      <td>0.095927</td>\n",
       "      <td>0.301880</td>\n",
       "      <td>0.808703</td>\n",
       "      <td>1.000000</td>\n",
       "      <td>-0.268580</td>\n",
       "      <td>-0.010348</td>\n",
       "      <td>0.562519</td>\n",
       "      <td>0.498751</td>\n",
       "      <td>0.226158</td>\n",
       "      <td>0.259519</td>\n",
       "      <td>-0.043859</td>\n",
       "      <td>0.067058</td>\n",
       "      <td>0.089306</td>\n",
       "      <td>0.130059</td>\n",
       "      <td>0.139575</td>\n",
       "      <td>0.618284</td>\n",
       "    </tr>\n",
       "    <tr>\n",
       "      <th>flr2nd_sf</th>\n",
       "      <td>0.019005</td>\n",
       "      <td>0.029304</td>\n",
       "      <td>0.099695</td>\n",
       "      <td>-0.167504</td>\n",
       "      <td>-0.087505</td>\n",
       "      <td>-0.012683</td>\n",
       "      <td>-0.216640</td>\n",
       "      <td>-0.268580</td>\n",
       "      <td>1.000000</td>\n",
       "      <td>0.014607</td>\n",
       "      <td>0.639237</td>\n",
       "      <td>0.119763</td>\n",
       "      <td>0.109200</td>\n",
       "      <td>0.164856</td>\n",
       "      <td>0.020944</td>\n",
       "      <td>-0.033211</td>\n",
       "      <td>0.035002</td>\n",
       "      <td>0.012620</td>\n",
       "      <td>0.004380</td>\n",
       "      <td>0.248968</td>\n",
       "    </tr>\n",
       "    <tr>\n",
       "      <th>low_qual_fin_sf</th>\n",
       "      <td>0.001610</td>\n",
       "      <td>0.001259</td>\n",
       "      <td>-0.061535</td>\n",
       "      <td>-0.078280</td>\n",
       "      <td>-0.002764</td>\n",
       "      <td>0.059620</td>\n",
       "      <td>-0.022349</td>\n",
       "      <td>-0.010348</td>\n",
       "      <td>0.014607</td>\n",
       "      <td>1.000000</td>\n",
       "      <td>0.106273</td>\n",
       "      <td>-0.070984</td>\n",
       "      <td>-0.017231</td>\n",
       "      <td>-0.006291</td>\n",
       "      <td>0.089867</td>\n",
       "      <td>-0.003466</td>\n",
       "      <td>0.014203</td>\n",
       "      <td>-0.006858</td>\n",
       "      <td>-0.005761</td>\n",
       "      <td>-0.041549</td>\n",
       "    </tr>\n",
       "    <tr>\n",
       "      <th>gr_liv_area</th>\n",
       "      <td>0.314403</td>\n",
       "      <td>0.327451</td>\n",
       "      <td>0.381003</td>\n",
       "      <td>0.215721</td>\n",
       "      <td>0.001272</td>\n",
       "      <td>0.234384</td>\n",
       "      <td>0.453961</td>\n",
       "      <td>0.562519</td>\n",
       "      <td>0.639237</td>\n",
       "      <td>0.106273</td>\n",
       "      <td>1.000000</td>\n",
       "      <td>0.489616</td>\n",
       "      <td>0.270227</td>\n",
       "      <td>0.345098</td>\n",
       "      <td>-0.007753</td>\n",
       "      <td>0.024511</td>\n",
       "      <td>0.101947</td>\n",
       "      <td>0.113038</td>\n",
       "      <td>0.113679</td>\n",
       "      <td>0.697173</td>\n",
       "    </tr>\n",
       "    <tr>\n",
       "      <th>garage_area</th>\n",
       "      <td>0.296365</td>\n",
       "      <td>0.263168</td>\n",
       "      <td>0.378895</td>\n",
       "      <td>0.331242</td>\n",
       "      <td>0.013629</td>\n",
       "      <td>0.145354</td>\n",
       "      <td>0.488946</td>\n",
       "      <td>0.498751</td>\n",
       "      <td>0.119763</td>\n",
       "      <td>-0.070984</td>\n",
       "      <td>0.489616</td>\n",
       "      <td>1.000000</td>\n",
       "      <td>0.244523</td>\n",
       "      <td>0.247741</td>\n",
       "      <td>-0.115311</td>\n",
       "      <td>0.043983</td>\n",
       "      <td>0.071310</td>\n",
       "      <td>0.045894</td>\n",
       "      <td>0.033704</td>\n",
       "      <td>0.650016</td>\n",
       "    </tr>\n",
       "    <tr>\n",
       "      <th>wood_deck_sf</th>\n",
       "      <td>0.101789</td>\n",
       "      <td>0.155667</td>\n",
       "      <td>0.162868</td>\n",
       "      <td>0.214505</td>\n",
       "      <td>0.105971</td>\n",
       "      <td>-0.034652</td>\n",
       "      <td>0.224808</td>\n",
       "      <td>0.226158</td>\n",
       "      <td>0.109200</td>\n",
       "      <td>-0.017231</td>\n",
       "      <td>0.270227</td>\n",
       "      <td>0.244523</td>\n",
       "      <td>1.000000</td>\n",
       "      <td>0.047740</td>\n",
       "      <td>-0.114031</td>\n",
       "      <td>-0.010837</td>\n",
       "      <td>-0.067731</td>\n",
       "      <td>0.128385</td>\n",
       "      <td>0.085106</td>\n",
       "      <td>0.326433</td>\n",
       "    </tr>\n",
       "    <tr>\n",
       "      <th>open_porch_sf</th>\n",
       "      <td>0.159632</td>\n",
       "      <td>0.140792</td>\n",
       "      <td>0.155046</td>\n",
       "      <td>0.140697</td>\n",
       "      <td>-0.004382</td>\n",
       "      <td>0.116267</td>\n",
       "      <td>0.257931</td>\n",
       "      <td>0.259519</td>\n",
       "      <td>0.164856</td>\n",
       "      <td>-0.006291</td>\n",
       "      <td>0.345098</td>\n",
       "      <td>0.247741</td>\n",
       "      <td>0.047740</td>\n",
       "      <td>1.000000</td>\n",
       "      <td>-0.077162</td>\n",
       "      <td>-0.007373</td>\n",
       "      <td>0.058935</td>\n",
       "      <td>0.073952</td>\n",
       "      <td>0.109901</td>\n",
       "      <td>0.333990</td>\n",
       "    </tr>\n",
       "    <tr>\n",
       "      <th>enclosed_porch</th>\n",
       "      <td>-0.009254</td>\n",
       "      <td>0.014091</td>\n",
       "      <td>-0.107830</td>\n",
       "      <td>-0.076714</td>\n",
       "      <td>0.004540</td>\n",
       "      <td>-0.010728</td>\n",
       "      <td>-0.087706</td>\n",
       "      <td>-0.043859</td>\n",
       "      <td>0.020944</td>\n",
       "      <td>0.089867</td>\n",
       "      <td>-0.007753</td>\n",
       "      <td>-0.115311</td>\n",
       "      <td>-0.114031</td>\n",
       "      <td>-0.077162</td>\n",
       "      <td>1.000000</td>\n",
       "      <td>-0.032166</td>\n",
       "      <td>-0.069106</td>\n",
       "      <td>-0.015648</td>\n",
       "      <td>0.015033</td>\n",
       "      <td>-0.135501</td>\n",
       "    </tr>\n",
       "    <tr>\n",
       "      <th>ssn3_porch</th>\n",
       "      <td>0.021173</td>\n",
       "      <td>0.019540</td>\n",
       "      <td>0.011109</td>\n",
       "      <td>0.047773</td>\n",
       "      <td>-0.024225</td>\n",
       "      <td>0.020445</td>\n",
       "      <td>0.060387</td>\n",
       "      <td>0.067058</td>\n",
       "      <td>-0.033211</td>\n",
       "      <td>-0.003466</td>\n",
       "      <td>0.024511</td>\n",
       "      <td>0.043983</td>\n",
       "      <td>-0.010837</td>\n",
       "      <td>-0.007373</td>\n",
       "      <td>-0.032166</td>\n",
       "      <td>1.000000</td>\n",
       "      <td>-0.029589</td>\n",
       "      <td>-0.006525</td>\n",
       "      <td>-0.004891</td>\n",
       "      <td>0.048800</td>\n",
       "    </tr>\n",
       "    <tr>\n",
       "      <th>screen_porch</th>\n",
       "      <td>0.072579</td>\n",
       "      <td>0.067679</td>\n",
       "      <td>0.086156</td>\n",
       "      <td>0.093385</td>\n",
       "      <td>0.096405</td>\n",
       "      <td>-0.055476</td>\n",
       "      <td>0.076342</td>\n",
       "      <td>0.089306</td>\n",
       "      <td>0.035002</td>\n",
       "      <td>0.014203</td>\n",
       "      <td>0.101947</td>\n",
       "      <td>0.071310</td>\n",
       "      <td>-0.067731</td>\n",
       "      <td>0.058935</td>\n",
       "      <td>-0.069106</td>\n",
       "      <td>-0.029589</td>\n",
       "      <td>1.000000</td>\n",
       "      <td>0.033106</td>\n",
       "      <td>0.007109</td>\n",
       "      <td>0.134775</td>\n",
       "    </tr>\n",
       "    <tr>\n",
       "      <th>pool_area</th>\n",
       "      <td>0.135255</td>\n",
       "      <td>0.115096</td>\n",
       "      <td>0.012360</td>\n",
       "      <td>0.075949</td>\n",
       "      <td>0.061026</td>\n",
       "      <td>-0.039196</td>\n",
       "      <td>0.061570</td>\n",
       "      <td>0.130059</td>\n",
       "      <td>0.012620</td>\n",
       "      <td>-0.006858</td>\n",
       "      <td>0.113038</td>\n",
       "      <td>0.045894</td>\n",
       "      <td>0.128385</td>\n",
       "      <td>0.073952</td>\n",
       "      <td>-0.015648</td>\n",
       "      <td>-0.006525</td>\n",
       "      <td>0.033106</td>\n",
       "      <td>1.000000</td>\n",
       "      <td>0.017658</td>\n",
       "      <td>0.023147</td>\n",
       "    </tr>\n",
       "    <tr>\n",
       "      <th>misc_val</th>\n",
       "      <td>0.042589</td>\n",
       "      <td>0.093912</td>\n",
       "      <td>0.078801</td>\n",
       "      <td>0.130071</td>\n",
       "      <td>-0.005515</td>\n",
       "      <td>-0.005860</td>\n",
       "      <td>0.125699</td>\n",
       "      <td>0.139575</td>\n",
       "      <td>0.004380</td>\n",
       "      <td>-0.005761</td>\n",
       "      <td>0.113679</td>\n",
       "      <td>0.033704</td>\n",
       "      <td>0.085106</td>\n",
       "      <td>0.109901</td>\n",
       "      <td>0.015033</td>\n",
       "      <td>-0.004891</td>\n",
       "      <td>0.007109</td>\n",
       "      <td>0.017658</td>\n",
       "      <td>1.000000</td>\n",
       "      <td>-0.007329</td>\n",
       "    </tr>\n",
       "    <tr>\n",
       "      <th>saleprice</th>\n",
       "      <td>0.290542</td>\n",
       "      <td>0.296794</td>\n",
       "      <td>0.502199</td>\n",
       "      <td>0.423825</td>\n",
       "      <td>0.016590</td>\n",
       "      <td>0.189603</td>\n",
       "      <td>0.628884</td>\n",
       "      <td>0.618284</td>\n",
       "      <td>0.248968</td>\n",
       "      <td>-0.041549</td>\n",
       "      <td>0.697173</td>\n",
       "      <td>0.650016</td>\n",
       "      <td>0.326433</td>\n",
       "      <td>0.333990</td>\n",
       "      <td>-0.135501</td>\n",
       "      <td>0.048800</td>\n",
       "      <td>0.134775</td>\n",
       "      <td>0.023147</td>\n",
       "      <td>-0.007329</td>\n",
       "      <td>1.000000</td>\n",
       "    </tr>\n",
       "  </tbody>\n",
       "</table>\n",
       "</div>"
      ],
      "text/plain": [
       "                 lot_frontage  lot_area  mas_vnr_area  bsmtfin_sf_1  \\\n",
       "lot_frontage         1.000000  0.356891      0.161024      0.174915   \n",
       "lot_area             0.356891  1.000000      0.167978      0.215696   \n",
       "mas_vnr_area         0.161024  0.167978      1.000000      0.316998   \n",
       "bsmtfin_sf_1         0.174915  0.215696      0.316998      1.000000   \n",
       "bsmtfin_sf_2         0.029508  0.041763     -0.015678     -0.050060   \n",
       "bsmt_unf_sf          0.094525  0.041232      0.080769     -0.473720   \n",
       "total_bsmt_sf        0.283977  0.277580      0.399624      0.539189   \n",
       "1st_flr_sf           0.376362  0.381823      0.381944      0.462334   \n",
       "flr2nd_sf            0.019005  0.029304      0.099695     -0.167504   \n",
       "low_qual_fin_sf      0.001610  0.001259     -0.061535     -0.078280   \n",
       "gr_liv_area          0.314403  0.327451      0.381003      0.215721   \n",
       "garage_area          0.296365  0.263168      0.378895      0.331242   \n",
       "wood_deck_sf         0.101789  0.155667      0.162868      0.214505   \n",
       "open_porch_sf        0.159632  0.140792      0.155046      0.140697   \n",
       "enclosed_porch      -0.009254  0.014091     -0.107830     -0.076714   \n",
       "ssn3_porch           0.021173  0.019540      0.011109      0.047773   \n",
       "screen_porch         0.072579  0.067679      0.086156      0.093385   \n",
       "pool_area            0.135255  0.115096      0.012360      0.075949   \n",
       "misc_val             0.042589  0.093912      0.078801      0.130071   \n",
       "saleprice            0.290542  0.296794      0.502199      0.423825   \n",
       "\n",
       "                 bsmtfin_sf_2  bsmt_unf_sf  total_bsmt_sf  1st_flr_sf  \\\n",
       "lot_frontage         0.029508     0.094525       0.283977    0.376362   \n",
       "lot_area             0.041763     0.041232       0.277580    0.381823   \n",
       "mas_vnr_area        -0.015678     0.080769       0.399624    0.381944   \n",
       "bsmtfin_sf_1        -0.050060    -0.473720       0.539189    0.462334   \n",
       "bsmtfin_sf_2         1.000000    -0.231279       0.086830    0.095927   \n",
       "bsmt_unf_sf         -0.231279     1.000000       0.418789    0.301880   \n",
       "total_bsmt_sf        0.086830     0.418789       1.000000    0.808703   \n",
       "1st_flr_sf           0.095927     0.301880       0.808703    1.000000   \n",
       "flr2nd_sf           -0.087505    -0.012683      -0.216640   -0.268580   \n",
       "low_qual_fin_sf     -0.002764     0.059620      -0.022349   -0.010348   \n",
       "gr_liv_area          0.001272     0.234384       0.453961    0.562519   \n",
       "garage_area          0.013629     0.145354       0.488946    0.498751   \n",
       "wood_deck_sf         0.105971    -0.034652       0.224808    0.226158   \n",
       "open_porch_sf       -0.004382     0.116267       0.257931    0.259519   \n",
       "enclosed_porch       0.004540    -0.010728      -0.087706   -0.043859   \n",
       "ssn3_porch          -0.024225     0.020445       0.060387    0.067058   \n",
       "screen_porch         0.096405    -0.055476       0.076342    0.089306   \n",
       "pool_area            0.061026    -0.039196       0.061570    0.130059   \n",
       "misc_val            -0.005515    -0.005860       0.125699    0.139575   \n",
       "saleprice            0.016590     0.189603       0.628884    0.618284   \n",
       "\n",
       "                 flr2nd_sf  low_qual_fin_sf  gr_liv_area  garage_area  \\\n",
       "lot_frontage      0.019005         0.001610     0.314403     0.296365   \n",
       "lot_area          0.029304         0.001259     0.327451     0.263168   \n",
       "mas_vnr_area      0.099695        -0.061535     0.381003     0.378895   \n",
       "bsmtfin_sf_1     -0.167504        -0.078280     0.215721     0.331242   \n",
       "bsmtfin_sf_2     -0.087505        -0.002764     0.001272     0.013629   \n",
       "bsmt_unf_sf      -0.012683         0.059620     0.234384     0.145354   \n",
       "total_bsmt_sf    -0.216640        -0.022349     0.453961     0.488946   \n",
       "1st_flr_sf       -0.268580        -0.010348     0.562519     0.498751   \n",
       "flr2nd_sf         1.000000         0.014607     0.639237     0.119763   \n",
       "low_qual_fin_sf   0.014607         1.000000     0.106273    -0.070984   \n",
       "gr_liv_area       0.639237         0.106273     1.000000     0.489616   \n",
       "garage_area       0.119763        -0.070984     0.489616     1.000000   \n",
       "wood_deck_sf      0.109200        -0.017231     0.270227     0.244523   \n",
       "open_porch_sf     0.164856        -0.006291     0.345098     0.247741   \n",
       "enclosed_porch    0.020944         0.089867    -0.007753    -0.115311   \n",
       "ssn3_porch       -0.033211        -0.003466     0.024511     0.043983   \n",
       "screen_porch      0.035002         0.014203     0.101947     0.071310   \n",
       "pool_area         0.012620        -0.006858     0.113038     0.045894   \n",
       "misc_val          0.004380        -0.005761     0.113679     0.033704   \n",
       "saleprice         0.248968        -0.041549     0.697173     0.650016   \n",
       "\n",
       "                 wood_deck_sf  open_porch_sf  enclosed_porch  ssn3_porch  \\\n",
       "lot_frontage         0.101789       0.159632       -0.009254    0.021173   \n",
       "lot_area             0.155667       0.140792        0.014091    0.019540   \n",
       "mas_vnr_area         0.162868       0.155046       -0.107830    0.011109   \n",
       "bsmtfin_sf_1         0.214505       0.140697       -0.076714    0.047773   \n",
       "bsmtfin_sf_2         0.105971      -0.004382        0.004540   -0.024225   \n",
       "bsmt_unf_sf         -0.034652       0.116267       -0.010728    0.020445   \n",
       "total_bsmt_sf        0.224808       0.257931       -0.087706    0.060387   \n",
       "1st_flr_sf           0.226158       0.259519       -0.043859    0.067058   \n",
       "flr2nd_sf            0.109200       0.164856        0.020944   -0.033211   \n",
       "low_qual_fin_sf     -0.017231      -0.006291        0.089867   -0.003466   \n",
       "gr_liv_area          0.270227       0.345098       -0.007753    0.024511   \n",
       "garage_area          0.244523       0.247741       -0.115311    0.043983   \n",
       "wood_deck_sf         1.000000       0.047740       -0.114031   -0.010837   \n",
       "open_porch_sf        0.047740       1.000000       -0.077162   -0.007373   \n",
       "enclosed_porch      -0.114031      -0.077162        1.000000   -0.032166   \n",
       "ssn3_porch          -0.010837      -0.007373       -0.032166    1.000000   \n",
       "screen_porch        -0.067731       0.058935       -0.069106   -0.029589   \n",
       "pool_area            0.128385       0.073952       -0.015648   -0.006525   \n",
       "misc_val             0.085106       0.109901        0.015033   -0.004891   \n",
       "saleprice            0.326433       0.333990       -0.135501    0.048800   \n",
       "\n",
       "                 screen_porch  pool_area  misc_val  saleprice  \n",
       "lot_frontage         0.072579   0.135255  0.042589   0.290542  \n",
       "lot_area             0.067679   0.115096  0.093912   0.296794  \n",
       "mas_vnr_area         0.086156   0.012360  0.078801   0.502199  \n",
       "bsmtfin_sf_1         0.093385   0.075949  0.130071   0.423825  \n",
       "bsmtfin_sf_2         0.096405   0.061026 -0.005515   0.016590  \n",
       "bsmt_unf_sf         -0.055476  -0.039196 -0.005860   0.189603  \n",
       "total_bsmt_sf        0.076342   0.061570  0.125699   0.628884  \n",
       "1st_flr_sf           0.089306   0.130059  0.139575   0.618284  \n",
       "flr2nd_sf            0.035002   0.012620  0.004380   0.248968  \n",
       "low_qual_fin_sf      0.014203  -0.006858 -0.005761  -0.041549  \n",
       "gr_liv_area          0.101947   0.113038  0.113679   0.697173  \n",
       "garage_area          0.071310   0.045894  0.033704   0.650016  \n",
       "wood_deck_sf        -0.067731   0.128385  0.085106   0.326433  \n",
       "open_porch_sf        0.058935   0.073952  0.109901   0.333990  \n",
       "enclosed_porch      -0.069106  -0.015648  0.015033  -0.135501  \n",
       "ssn3_porch          -0.029589  -0.006525 -0.004891   0.048800  \n",
       "screen_porch         1.000000   0.033106  0.007109   0.134775  \n",
       "pool_area            0.033106   1.000000  0.017658   0.023147  \n",
       "misc_val             0.007109   0.017658  1.000000  -0.007329  \n",
       "saleprice            0.134775   0.023147 -0.007329   1.000000  "
      ]
     },
     "execution_count": 6,
     "metadata": {},
     "output_type": "execute_result"
    }
   ],
   "source": [
    "(df[continuous+['saleprice']]).corr()"
   ]
  },
  {
   "cell_type": "markdown",
   "id": "e62c1a2b",
   "metadata": {},
   "source": [
    "**bsmtfin_sf_2,low_qual_fin_sf,ssn3_porch,pool_area,misc_val don't seem to have enough correlation with Dependent Variable**\n",
    "\n",
    "**can combine area_sf=1st_flr_sf + flr2nd_sf-gr_liv_area-garage_area+open_porch_sf+total_bsmt_sf**"
   ]
  },
  {
   "cell_type": "code",
   "execution_count": 7,
   "id": "ad5f4258",
   "metadata": {},
   "outputs": [],
   "source": [
    "df['area_sf']= df['1st_flr_sf']+ df.flr2nd_sf - df.gr_liv_area - df.garage_area + df.open_porch_sf + df.total_bsmt_sf\n"
   ]
  },
  {
   "cell_type": "code",
   "execution_count": 8,
   "id": "5968bf86",
   "metadata": {},
   "outputs": [
    {
     "data": {
